1.61385 1.33035 0.195772 1.04259 -0.130889 0.143298 0.0331219 -0.188583 -0.0896316 -0.0972133 0.183756 -0.00259404 -0.0445289 
1.80424 1.50651 0.023762 0.847678 0.0758919 0.244375 -0.208654 -0.293427 -0.0317369 -0.0749243 0.0479263 -0.135704 -0.0784326 
1.82033 1.25417 -0.208054 0.938197 0.137051 0.109947 -0.103122 -0.188594 -0.0500943 -0.0853509 0.02587 -0.171769 -0.079014 
1.77919 1.2751 -0.163866 0.902322 0.126342 0.161566 -0.0531734 -0.415325 0.0291558 0.0403339 0.00657014 -0.0623709 -0.102397 
1.75997 1.30665 -0.172006 0.949423 0.181188 0.0958959 -0.0197853 -0.369161 0.0326576 0.00280117 -0.0238807 -0.0145518 -0.106896 
1.75532 1.43485 -0.0950224 0.795762 0.147523 0.054757 0.107931 -0.426858 0.0149488 0.061866 -0.0600956 -0.0524902 -0.0774673 
1.74625 1.38843 -0.0713031 0.8698 0.296578 -0.030114 0.05024 -0.361946 -0.01984 -0.00884092 0.0108638 0.0331669 -0.0703306 
1.74757 1.17045 -0.0363229 0.80502 0.374508 -0.0113908 0.0285355 -0.371399 -0.0547642 0.0519492 0.0375178 -0.0491891 -0.0366015 
1.76303 1.21426 -0.215046 0.892083 0.413797 -0.0413601 -0.014721 -0.368252 0.0165047 -0.0446042 0.00909626 0.0498816 -0.121119 
1.76647 1.95115 -0.610192 1.19529 0.263931 0.060032 -0.019524 -0.345357 -0.0151562 -0.00654789 -0.0367921 0.071784 -0.133358 
1.79633 1.68585 -0.341463 0.897592 0.396123 -0.0804515 -0.0359201 -0.361305 0.0041195 -0.00829943 -0.0290327 0.0311328 -0.144191 
1.79423 1.29719 -0.223428 0.895081 0.429261 0.00149403 -0.00246825 -0.47023 0.017817 -0.0040285 -0.0594206 -0.0263123 -0.137378 
1.7843 1.25603 -0.1868 0.827063 0.418695 -0.0564237 -0.0327145 -0.376394 -0.0559643 -0.0197189 0.0120034 -0.0711654 -0.112952 
1.78702 1.38821 -0.140007 0.732166 0.33247 -0.0122089 -0.00351247 -0.430502 0.0426292 0.0101977 -0.00681838 -0.0574596 -0.102982 
1.77563 1.40972 -0.245816 0.805163 0.395359 -0.0569603 0.0386668 -0.432791 -0.00236811 0.04289 -0.0444064 -0.0798997 -0.0873661 
1.78081 1.66647 -0.259171 0.783182 0.549808 -0.0889399 -0.059532 -0.314289 -0.0693705 -0.0274193 0.025775 -0.0599885 -0.116404 
1.76593 1.70029 -0.299273 0.918123 0.445418 -0.0276422 -0.0579134 -0.334833 -0.0639656 0.016497 0.0162516 -0.0567369 -0.155737 
1.76332 1.52493 -0.23714 1.01667 0.349667 -0.0340573 0.0567723 -0.482152 -0.0479073 0.099125 -0.0911937 -0.0826833 -0.0968204 
1.77321 1.37565 -0.178203 0.810157 0.518376 -0.125076 -0.0964747 -0.257979 -0.104618 -0.0957134 0.034287 -0.0239907 -0.102622 
1.75585 1.24155 -0.093369 0.701851 0.540928 -0.0368605 -0.137812 -0.228161 -0.0622831 -0.0811947 0.0595816 -0.0399381 -0.0974297 
1.75613 1.43538 -0.0706848 0.562725 0.560406 -0.0144585 -0.176138 -0.198355 -0.0835848 -0.0410357 0.0414834 -0.122908 -0.0799395 
1.74753 1.92732 -0.387642 0.911367 0.488944 -0.107256 -0.033702 -0.327188 -0.0161526 0.0389889 -0.0544093 -0.0212732 -0.116829 
1.75817 1.74675 -0.31823 0.9071 0.599914 -0.0746602 -0.0940441 -0.331489 -0.0759542 0.00379873 -0.0185824 -0.0534391 -0.0897819 
1.77371 1.81847 -0.337103 0.945336 0.544045 -0.160025 -0.0584136 -0.376893 -0.0319148 0.00695886 -0.078745 -0.055047 -0.111557 
1.77541 1.75628 -0.335543 0.777745 0.602346 -0.163356 -0.142745 -0.31392 -0.0422877 -0.012498 0.0084437 -0.072934 -0.0965943 
1.77222 1.52963 -0.285517 0.755813 0.595111 -0.116636 -0.15602 -0.291518 -0.0346298 -0.0801348 0.006329 -0.0343496 -0.103185 
1.7857 1.45347 -0.163479 0.774954 0.666853 -0.0667595 -0.218137 -0.234842 -0.10247 -0.095984 0.0304921 -0.0806579 -0.122734 
1.75898 1.46066 -0.213581 0.910645 0.669727 -0.0840704 -0.113213 -0.235249 -0.152988 -0.0634278 0.0251072 -0.0560743 -0.105529 
1.73857 1.93227 -0.490031 1.01955 0.58854 -0.120984 -0.0808502 -0.290808 -0.0658332 0.0254995 -0.0776075 -0.0526435 -0.0927987 
1.75128 1.27868 -0.230392 0.813158 0.611525 -0.139503 -0.119105 -0.226936 -0.125106 -0.062826 0.0474002 -0.0133398 -0.0892876 
1.73972 1.22948 -0.150239 0.80716 0.586769 -0.123855 -0.177056 -0.158303 -0.143063 -0.105971 0.0214297 -0.00395097 -0.0701978 
1.74368 2.0318 -0.666286 1.0889 0.422449 -0.137572 -0.0744125 -0.202708 -0.144054 -0.0211176 -0.00605478 -0.0390216 -0.0706935 
1.73175 2.0442 -0.585227 1.15626 0.443418 -0.0860101 -0.100464 -0.262465 -0.07131 -0.0336162 -0.0726053 0.0351384 -0.0675689 
1.74273 1.4992 -0.165304 0.813133 0.461214 -0.134252 -0.0412843 -0.370474 -0.0714662 0.0432791 -0.0304887 -0.111976 0.00623997 
1.7266 1.47003 -0.139558 0.74842 0.452108 -0.162116 -0.0666668 -0.218009 -0.0595475 -0.0472137 0.0158315 -0.0312833 -0.022163 
1.72285 1.81491 -0.164864 0.725655 0.498436 -0.159375 -0.139954 -0.267192 -0.00421212 -0.0209456 -0.00114024 -0.0548472 -0.0365853 
1.75005 1.94555 -0.493587 0.996629 0.460168 -0.158548 -0.079414 -0.265426 -0.0705202 0.0128459 -0.0618901 -0.0160426 -0.0662903 
1.7479 1.87697 -0.424859 0.970202 0.445969 -0.210056 -0.0139015 -0.210704 -0.164529 0.0159105 0.0124393 -0.0800409 -0.0680494 
1.73497 1.60478 -0.27578 0.937691 0.442853 -0.19468 0.00633404 -0.347118 -0.0584951 0.0397483 -0.0765139 -0.0721537 -0.00236834 
1.72458 1.41864 0.0215745 0.562072 0.498421 -0.122769 -0.147745 -0.0971461 -0.0783334 -0.0837176 0.0357217 -0.0697216 -0.0451042 
1.71139 1.33327 0.0444375 0.590263 0.406473 -0.00272223 -0.0723507 -0.22757 -0.0225299 0.0479447 -0.0540228 -0.156961 0.0152012 
1.72904 1.62178 -0.402684 0.872908 0.540176 -0.182497 0.0227007 -0.22661 -0.0754487 0.00180453 -0.0521255 -0.100415 -0.0372026 
1.74887 1.95776 -0.594493 1.08704 0.376763 -0.254461 -0.0571251 -0.181783 -0.131032 0.0227507 -0.0250648 -0.0534698 -0.015066 
1.72129 1.83854 -0.51446 0.991175 0.455624 -0.218865 -0.0568021 -0.209991 -0.109764 0.042645 -0.0225067 -0.0928348 -0.0389324 
1.73643 1.53382 -0.313753 0.844245 0.494074 -0.227269 -0.0426354 -0.21555 -0.0579559 -0.0278745 -0.00123135 -0.0741071 -0.0608837 
1.73124 1.51103 -0.203318 0.690123 0.433228 -0.138875 -0.0258935 -0.244321 -0.0560295 0.0133943 -0.0300585 -0.13474 -0.00730617 
1.73 1.65554 -0.208827 0.818518 0.430901 -0.214644 0.0298599 -0.181356 -0.0302193 -0.0478398 -0.0431396 -0.0909057 -0.0525841 
1.70178 1.74752 -0.249461 0.905428 0.337463 -0.228626 0.125688 -0.149842 -0.100104 -0.0260442 -0.0412719 -0.0342264 -0.0310085 
1.66713 1.48914 -0.242303 0.920828 0.379705 -0.147087 0.138518 -0.237396 -0.0627514 0.0122969 -0.107202 -0.0525505 0.0207797 
1.63965 1.61042 -0.237697 0.811831 0.361466 -0.178929 0.138232 -0.133392 0.0194036 0.00476565 -0.00238404 -0.121897 -0.104499 
1.62968 1.63746 -0.244293 0.81396 0.272939 -0.125024 0.140016 -0.182667 -0.0214973 0.0465222 -0.021804 -0.106462 -0.0616763 
