1.09293 0.929081 -0.497821 0.211379 0.0409919 0.175705 0.0356943 0.281464 0.0422875 0.0868297 0.0359858 0.0807251 0.254879 
1.68951 1.26882 -0.172574 0.429286 0.545883 0.396569 0.344843 0.1247 0.0222679 0.345082 0.326501 0.0939495 0.00860651 
1.33828 1.02511 0.0607105 0.412063 0.403416 0.286352 0.166522 0.122514 0.121046 0.153926 0.205721 0.168137 0.00779416 
1.38118 1.0971 -0.159498 0.555654 0.430801 0.412564 0.243436 0.0724114 0.0606488 0.160494 0.236862 0.141026 -0.00532772 
1.22201 1.04081 -0.494458 0.446652 0.429958 0.393433 0.0828093 0.205897 0.061926 0.182967 0.223022 0.0911365 0.0147134 
1.53102 1.31031 -0.257763 0.51899 0.495167 0.44586 0.169936 0.226273 0.102813 0.286392 0.229365 0.0954007 0.10284 
1.34053 1.08606 -0.431519 0.529928 0.331209 0.299362 0.186673 0.108344 0.0243963 0.132266 0.250978 0.0635048 -0.0251273 
1.21191 0.931707 -0.101699 0.555216 0.229862 0.199426 0.214841 0.168108 0.0719163 0.130264 0.135624 0.122804 0.060298 
1.16525 0.916542 -0.117496 0.454049 0.243105 0.184104 0.256842 0.176005 0.0527743 0.0308336 0.11405 0.167794 0.0591249 
1.04932 0.897593 -0.229327 0.37879 0.207776 0.281461 0.0841244 0.106096 -0.00892654 -0.0459148 0.0928709 0.0967259 0.119943 
1.11296 0.841785 -0.327554 0.393539 0.0697132 0.208682 0.201266 0.14909 0.0201166 0.0517919 0.130356 0.158669 0.0971855 
1.09079 1.06428 -0.389024 0.409323 0.104807 0.116386 0.152107 0.0741421 -0.0121783 0.0650606 0.153219 0.237794 0.109962 
1.31873 1.0079 0.0619518 0.495894 0.465507 0.1394 0.123851 0.30537 0.153157 0.0181375 0.146952 0.157545 0.0266965 
1.30998 1.10264 0.105094 0.423021 0.256668 0.233374 0.248146 0.129536 0.107918 0.0611325 0.190639 0.199251 0.0318745 
1.33476 1.12903 -0.0586101 0.618801 0.259654 0.382208 0.210754 0.217121 0.209013 0.0854355 0.236161 0.145477 0.0129897 
1.18448 0.97775 -0.119099 0.408545 0.233821 0.257268 0.225264 0.14984 0.0601918 0.116827 0.108378 0.148714 0.0628914 
1.09473 1.0601 -0.0754173 0.356458 0.184397 0.195467 0.160856 0.122308 0.037443 -0.0445153 0.0867344 0.11185 0.0698136 
1.02947 1.0816 -0.343856 0.387248 0.15854 0.317768 -0.0325909 0.11945 0.0658518 0.00285437 0.127271 0.160335 0.121519 
