1.22632 0.921331 -0.383135 0.447177 0.183611 0.1676 0.07775 0.268876 -0.0143854 -0.0589361 0.170492 0.194028 0.0861957 
1.27519 0.866348 -0.432854 0.39916 0.221575 0.323662 0.0482106 0.194961 -0.0518136 -0.049055 0.234572 0.257008 0.0570902 
1.3286 0.770845 0.0675966 0.219379 0.355254 0.405973 0.108423 0.152238 -0.136272 0.123673 0.14672 0.165974 0.0443215 
1.56115 0.627445 0.182413 0.384367 0.157871 0.433545 0.215034 0.0172421 0.154551 -0.0778842 0.266656 0.157051 -0.0124255 
1.48999 0.814975 0.106238 0.49739 0.0829354 0.316255 0.220392 0.0782785 0.219221 -0.0981858 0.134711 0.256562 -0.0116897 
1.40703 1.00535 0.126175 0.356573 0.210487 0.269406 0.220483 0.114311 0.0808408 0.0685687 0.194917 0.114904 0.040273 
1.40602 0.960277 -0.067017 0.353534 0.22483 0.23646 0.248926 0.156341 0.042955 0.0332327 0.110714 0.15325 0.0872121 
1.3833 1.01203 0.0646729 0.367077 0.242045 0.321646 0.180153 0.127271 0.0969644 0.0369979 0.131542 0.237839 0.0622575 
1.63681 0.987888 0.28598 0.287873 0.342498 0.276154 0.110794 0.161706 0.117942 0.0119324 0.10735 0.179897 0.0843784 
1.6191 0.981601 0.373913 0.340789 0.294089 0.180866 0.132633 0.117989 0.100824 0.073683 0.133933 0.148547 0.0741433 
1.45082 1.00728 0.0824521 0.387679 0.253683 0.150269 0.20769 0.158781 0.0728324 0.0395027 0.164544 0.140688 0.0511542 
1.6676 0.900625 -0.386818 0.344781 0.801208 0.574374 0.255405 0.091659 0.0994587 0.241329 0.227104 0.184778 0.0547145 
1.48437 0.792154 -0.514619 0.273681 0.672373 0.446065 0.195636 0.112344 0.0454793 0.181411 0.119527 0.149319 0.0916302 
1.81727 1.1671 -0.361755 0.598025 0.761701 0.352336 0.298852 0.129487 0.117458 0.293377 0.171244 0.0920717 0.123151 
1.51751 1.01257 -0.55935 0.5726 0.598854 0.228668 0.325874 0.14948 -0.0317073 0.245523 0.195843 0.0656065 0.0739659 
1.47433 0.335427 0.0492166 0.228274 0.34576 0.318424 0.239196 0.18201 0.116486 0.197189 -0.0139061 0.0756792 0.129023 
1.42236 0.350748 0.280269 0.299257 0.096575 0.542929 -0.0156831 0.238955 0.0499296 0.0658833 0.323091 0.0487004 0.0482943 
1.60975 0.861501 0.10418 0.211411 0.307891 0.714433 0.0328978 0.0824559 0.362249 0.106643 0.265722 -0.0196094 -0.023556 
1.74763 0.875141 0.0222354 0.299293 0.28833 0.657209 0.123212 0.00607219 0.373885 0.150429 0.210792 -0.0574179 -0.0528286 
1.85391 0.850999 -0.496235 0.137758 0.32007 1.07415 0.133707 -0.249108 0.323428 0.192036 0.157129 0.0854572 -0.140658 
1.84714 0.681257 -0.645293 0.35087 0.172475 1.10997 0.192389 -0.164685 0.349223 0.180355 0.150763 0.0910212 -0.0957707 
1.8444 0.688088 -0.539112 0.210542 0.161056 1.10445 0.212331 -0.116705 0.327087 0.215788 0.102725 0.105476 -0.0959901 
1.84943 0.59877 -0.395757 0.3058 0.124179 1.05916 0.266135 -0.161645 0.296933 0.20607 0.111391 0.111213 -0.105922 
1.84001 0.766037 -0.396843 0.386356 0.0141128 1.16485 0.232413 -0.262697 0.242733 0.160026 0.158792 0.099297 -0.110831 
1.8495 0.787921 -0.365616 0.307215 0.152405 1.22091 0.144499 -0.269827 0.244561 0.206928 0.190994 0.100081 -0.12308 
1.85361 0.802486 -0.401749 0.410006 0.143689 1.19053 0.209049 -0.326993 0.212314 0.189352 0.181502 0.0937 -0.134151 
1.83704 0.645668 -0.333494 0.43756 0.147142 1.17303 0.194638 -0.308715 0.232801 0.163902 0.185482 0.0897481 -0.144057 
1.81198 0.578609 -0.395194 0.420752 0.266813 1.16901 0.177052 -0.246641 0.192305 0.25985 0.193153 0.0488066 -0.054351 
1.81726 0.537645 -0.239471 0.32317 0.296783 1.09446 0.199732 -0.270438 0.202854 0.24726 0.134406 0.0810715 -0.113034 
1.83197 0.507291 -0.23237 0.232604 0.250879 1.01 0.246045 -0.181353 0.20248 0.220927 0.101458 0.0958648 -0.0741584 
1.81459 0.460949 -0.24771 0.137024 0.285577 1.09118 0.183681 -0.129708 0.238674 0.206603 0.143061 0.0969787 -0.0996328 
1.81726 0.598427 -0.418772 0.26868 0.161054 1.10389 0.246688 -0.157547 0.228822 0.215071 0.121814 0.0922818 -0.0650843 
1.83668 0.51792 -0.581967 0.372106 0.201588 1.09356 0.28865 -0.198826 0.206562 0.228525 0.140906 0.100712 -0.0448698 
1.83805 0.449288 -0.581967 0.292748 0.344512 1.13047 0.262572 -0.242226 0.175901 0.249276 0.198548 0.107154 -0.0837974 
1.82998 0.422507 -0.483728 0.423859 0.253348 1.19978 0.294254 -0.351756 0.194073 0.241099 0.229497 0.111092 -0.129248 
1.83581 0.670172 -0.430919 0.348681 0.194023 1.24556 0.193851 -0.303721 0.192864 0.228042 0.202996 0.0962472 -0.116455 
1.8357 0.626153 -0.4717 0.310888 0.212197 1.18477 0.240581 -0.302675 0.175811 0.220168 0.184729 0.118476 -0.123387 
1.81458 0.579682 -0.469799 0.379587 0.220315 1.15704 0.255778 -0.310587 0.214626 0.21697 0.17184 0.120686 -0.121322 
1.80852 0.609552 -0.391235 0.421088 0.15703 1.07208 0.236642 -0.285293 0.20006 0.17481 0.145 0.0731047 -0.113689 
1.83443 0.386375 -0.350147 0.297133 0.281562 1.08138 0.255297 -0.28867 0.183083 0.179016 0.176888 0.124134 -0.134425 
1.82422 0.383295 -0.404921 0.231603 0.325185 1.10038 0.241619 -0.268551 0.22122 0.189633 0.173887 0.136144 -0.134757 
1.81538 0.432896 -0.469328 0.368292 0.17348 1.2168 0.191313 -0.252304 0.215809 0.173953 0.213612 0.095908 -0.107939 
1.82105 0.379827 -0.483852 0.35001 0.238511 1.22184 0.215227 -0.269812 0.226835 0.200234 0.209939 0.132966 -0.123724 
1.80835 0.496734 -0.597386 0.458337 0.174431 1.2097 0.220852 -0.292696 0.261362 0.192416 0.178598 0.106861 -0.0882439 
1.79904 0.397754 -0.516738 0.388413 0.291338 1.14466 0.243208 -0.290086 0.237795 0.221572 0.154597 0.125395 -0.0885953 
1.78704 0.51249 -0.437815 0.438143 0.23946 1.00618 0.24637 -0.250785 0.205996 0.214679 0.0589228 0.0787198 -0.0122825 
1.7801 0.580094 -0.476972 0.512112 0.110553 0.983925 0.22467 -0.175436 0.249635 0.171647 0.0477517 0.0426689 0.0287268 
1.75859 0.527157 -0.553231 0.558952 0.121155 1.00492 0.203635 -0.153511 0.287713 0.163446 0.0651409 0.0368187 0.0418908 
1.75753 0.438999 -0.67401 0.615052 0.138098 0.982859 0.291309 -0.152923 0.24768 0.176294 0.100366 0.0339184 0.0550216 
1.76631 0.425839 -0.557085 0.489409 0.115196 1.09734 0.227246 -0.162512 0.284801 0.126579 0.143825 0.0592422 -0.026522 
1.76368 0.691893 -0.52592 0.552572 0.00868296 0.99407 0.275975 -0.156338 0.296069 0.127309 0.085466 0.00532743 0.00980327 
1.7538 0.512547 -0.436851 0.501711 0.241435 0.855802 0.342072 -0.212735 0.202446 0.201628 0.0441137 0.0221164 0.0446364 
1.75182 0.341513 -0.537681 0.482944 0.181916 0.916891 0.370424 -0.0989726 0.191969 0.180783 0.0746846 0.0303815 0.10443 
1.75544 0.618014 -0.595523 0.493965 0.0890033 1.00903 0.294153 -0.136492 0.222 0.177127 0.0868802 0.0399435 0.0626977 
1.73304 0.685607 -0.424095 0.483592 0.180001 0.865577 0.243635 -0.118214 0.15622 0.218942 0.0354372 -0.0137905 0.0804232 
1.74054 0.583161 -0.43314 0.472445 0.175998 1.00752 0.274422 -0.188536 0.183671 0.151391 0.126764 0.0759227 -0.00680024 
1.73155 0.480053 -0.584064 0.418603 0.222617 1.05691 0.294435 -0.147234 0.183871 0.180592 0.155385 0.111756 -0.000381742 
1.73627 0.436238 -0.52239 0.474432 0.136922 1.10944 0.29081 -0.170996 0.194579 0.163605 0.200272 0.0988266 -0.0298008 
1.73162 0.715548 -0.423514 0.410086 0.140507 1.02703 0.268081 -0.151519 0.180316 0.178113 0.14479 0.094616 -0.0261263 
1.73009 0.572613 -0.470373 0.488965 0.0330922 1.04206 0.212706 -0.114094 0.262578 0.0964215 0.159522 0.0795996 -0.0452474 
1.71654 0.542931 -0.439587 0.513848 0.0457839 1.07025 0.252231 -0.159442 0.268032 0.116075 0.174351 0.0803691 -0.0552822 
1.71293 0.577594 -0.31882 0.479658 0.0318998 1.01734 0.225165 -0.121202 0.219297 0.0968354 0.162948 0.0751392 -0.0455618 
1.70676 0.505745 -0.280988 0.585642 0.118965 0.972306 0.246449 -0.136421 0.283093 0.106009 0.0956468 0.0791995 0.0074673 
1.67409 0.471554 -0.368876 0.651941 0.0553389 0.847671 0.2283 0.0230941 0.345274 0.139293 0.0180392 -0.00177921 0.130069 
1.64672 0.295718 -0.0638313 0.703931 0.0600317 0.695197 0.337944 0.0232936 0.232135 0.16843 0.0820286 -0.0249472 0.131651 
1.62766 0.396169 -0.0388615 0.64477 -0.0779889 0.609891 0.471675 0.025499 0.195298 0.124701 0.0730741 0.0126018 0.0788113 
1.60239 0.506785 -0.198276 0.724067 -0.109236 0.826448 0.36911 -0.018674 0.238875 0.0983831 0.103328 0.0399458 0.0824597 
1.5418 0.509316 -0.350789 0.616295 -0.0940565 0.862344 0.373513 -0.0106874 0.196863 0.163744 0.156478 0.018512 0.0463757 
1.4483 0.546116 0.155914 0.648861 -0.20215 0.640528 0.275849 0.214579 0.158473 0.104328 0.0764807 0.0612011 0.114358 
1.23767 0.0211723 0.024437 0.637228 -0.296487 0.667013 0.434929 0.173882 0.136886 0.153585 0.0726694 -0.0178057 0.136586 
1.18395 0.143726 -0.126499 0.577868 -0.040184 0.627113 0.157811 0.136328 0.108801 0.0631153 0.0853 0.172382 0.0658227 
1.19748 0.904009 -0.289462 0.474636 0.0926999 0.194668 0.183708 0.0762253 0.0836179 -0.0144005 0.131557 0.22791 0.0433001 
1.53915 1.06967 0.187536 0.408165 0.37507 0.358302 0.20409 0.0889156 0.174059 0.239684 0.11383 0.144855 0.0720327 
1.50916 0.995375 -0.158909 0.331924 0.594956 0.379698 0.199057 0.0141499 0.107939 0.154125 0.0696629 0.12863 0.0817371 
1.18004 0.672122 -0.550297 0.294366 0.420878 0.418222 0.108318 0.0109694 0.066427 0.170535 0.0314519 0.12563 0.140479 
1.15462 0.852136 -0.527105 0.328164 0.369746 0.303214 -0.00191327 -0.0279915 0.0399435 0.0320052 0.0733034 0.114064 0.154559 
1.11297 0.946871 -0.372511 0.387505 0.0874256 0.256982 0.0552031 0.119777 0.129156 0.00430021 0.158106 0.167842 0.0524311 
0.945492 0.95548 -0.46441 0.461579 0.0843534 0.221268 0.0747506 0.041556 -0.0890513 -0.0720438 0.213289 0.167818 0.0521066 
0.900322 0.958271 -0.368532 0.41491 -0.00937446 0.106502 0.0608991 0.15534 -0.0437502 -0.0109992 0.189084 0.159655 0.0292963 
0.884706 0.917969 -0.492824 0.429736 -0.0552722 0.0872475 0.0586426 0.129038 -0.146852 -0.0978342 0.0772661 0.148008 0.127928 
