1.09413 0.92996 -0.551799 0.423481 0.110347 0.119506 0.0017688 0.0806339 -0.0531225 0.0165615 0.198799 0.0595107 0.0561189 
1.44081 1.39989 -0.260263 0.547073 0.217486 0.272322 0.0712043 -0.39382 0.0707289 0.0228467 -0.0999842 -0.107023 -0.13301 
1.73941 1.37246 0.419023 0.654911 0.528447 0.26066 0.0292377 -0.11612 -0.067375 -0.00446605 0.052867 -0.0615049 -0.112425 
1.81496 1.5196 0.457938 0.479972 0.49705 0.241994 0.0193641 -0.0766174 -0.0852266 -0.00561346 -0.0129051 0.01484 -0.0255978 
1.83515 1.61343 -0.0413709 0.235565 0.609266 0.446348 0.153605 -0.0106098 0.0109897 0.156851 0.021034 -0.17941 -0.0821357 
1.86124 1.51852 -0.111735 0.359163 0.675322 0.239955 0.0600033 0.222506 0.0174076 -0.00483509 0.168218 -0.138435 -0.206867 
1.85701 1.41522 0.0508352 0.360477 0.589797 0.207384 0.0579771 0.129896 -0.0395832 -0.0253278 0.176636 -0.0987163 -0.161844 
1.86605 1.41214 0.0665967 0.600983 0.741047 0.18521 -0.0447919 0.0761263 0.00628917 -0.0352032 0.204611 -0.0969833 -0.200062 
1.83449 1.84061 -0.124142 0.736969 0.748314 0.354795 -0.15378 0.136893 -0.00574776 0.0348306 0.218161 -0.0929601 -0.196615 
1.83487 1.82534 -0.165746 0.501034 0.71863 0.406203 -0.0505618 0.154548 -0.051649 0.0953745 0.0743173 -0.1571 -0.1051 
1.83297 1.86902 -0.353343 0.535975 0.64773 0.520827 -0.0159483 0.170953 0.0776011 0.0231759 0.0665736 -0.198084 -0.114688 
1.83188 1.6488 -0.182056 0.411647 0.841986 0.429589 0.00646714 0.120211 0.0158614 0.107226 0.0509004 -0.160799 -0.12745 
1.81997 1.56429 0.0556727 0.477625 0.771161 0.450171 -0.0966097 -0.00490789 0.0430964 0.116718 0.046753 -0.158773 -0.106207 
1.81545 1.68563 0.309451 0.575178 0.589125 0.33221 0.0576384 0.0447427 -0.156945 -0.0696936 0.0616042 0.0424265 -0.0696609 
1.81495 1.61491 0.0245174 0.457091 0.590248 0.369049 0.0824952 0.112719 -0.116822 -0.0242278 0.0738713 -0.0677565 -0.108735 
1.81496 1.46061 0.0454891 0.571074 0.623408 0.30247 0.0400021 0.0627488 -0.0813458 -0.0567398 0.0980695 -0.0490828 -0.131328 
1.81753 1.46145 0.1119 0.619592 0.629042 0.338109 -0.0904238 0.0593797 -0.0939754 -0.0224428 0.0825829 -0.0775611 -0.10709 
1.82992 1.65622 0.146262 0.689029 0.644623 0.199905 -0.140624 0.03917 -0.170973 -0.161873 0.129674 0.0171189 -0.153852 
1.82094 1.59317 0.159898 0.588803 0.606411 0.178877 -0.0523559 0.0376195 -0.264249 -0.108383 0.124077 0.018179 -0.129404 
1.80917 1.59955 0.305288 0.555488 0.679193 0.322212 -0.178429 -0.0322516 -0.202387 0.0623733 0.00752638 -0.062352 -0.0536068 
1.81379 1.55109 0.422457 0.665774 0.557682 0.28661 -0.0226919 0.0658485 -0.307518 -0.152955 0.0943881 0.0857317 -0.0770173 
1.80567 1.57084 0.195227 0.675251 0.680164 0.176517 -0.0768499 0.117793 -0.30514 -0.146861 0.117078 0.0895433 -0.139499 
1.80086 1.65737 0.16346 0.460417 0.511332 0.315252 -0.0450792 -0.0296221 -0.193571 -0.00674445 0.0432423 -0.0426499 -0.0563592 
1.80459 1.50814 0.277154 0.564429 0.690792 0.174436 -0.141927 0.00776047 -0.207697 -0.113984 0.131624 0.0105216 -0.138173 
1.79277 1.35441 0.485513 0.551776 0.529841 0.221399 -0.00706277 0.11201 -0.279176 -0.0713385 0.0412988 0.111168 -0.048501 
1.79558 1.33623 0.388794 0.548653 0.54698 0.228638 0.0479574 0.0858675 -0.26823 -0.0986147 0.0611318 0.121501 -0.0704581 
1.79219 1.32022 0.368827 0.578023 0.551034 0.287718 0.0113774 0.09017 -0.285941 -0.0775111 0.0497978 0.124081 -0.0694411 
1.79676 1.43265 0.338337 0.669882 0.521526 0.314338 0.0450741 -0.00341173 -0.290846 -0.0949345 0.046198 0.0992761 -0.064006 
1.81744 1.46528 0.248765 0.776225 0.717012 0.222302 -0.0155271 0.0130222 -0.260677 -0.0521875 0.0788029 0.0336841 -0.134301 
1.83205 1.56073 0.116107 0.707472 0.706795 0.342044 -0.0248304 -0.0559022 -0.19711 0.102169 0.0223485 -0.0592377 -0.06935 
1.83051 1.59061 0.197205 0.690376 0.770196 0.322647 -0.0616475 -0.0393626 -0.230588 0.141992 0.0303716 -0.0852175 -0.0889325 
1.8338 1.57652 0.202146 0.521038 0.697226 0.474402 -0.07148 -0.0862522 -0.155038 0.176165 -0.00340265 -0.0855863 -0.0717395 
1.84231 1.35877 0.113729 0.500243 0.669833 0.513068 0.0906257 -0.0345961 -0.122433 0.226318 0.0127748 -0.114166 -0.0820408 
1.84318 1.4573 0.139369 0.490375 0.705456 0.378707 -0.0273582 0.170322 -0.146387 -0.0429373 0.129189 -0.00504638 -0.153263 
1.83813 1.52414 0.103717 0.636611 0.668219 0.383872 -0.005719 0.0589037 -0.225443 0.0760263 0.0470051 0.000955515 -0.0600583 
1.85398 1.63786 0.126804 0.431951 0.60942 0.330158 0.0839912 0.124478 -0.252745 0.054973 0.00639284 -0.00713301 -0.0543342 
1.84576 1.3892 0.109406 0.426999 0.648466 0.391428 0.115127 0.0528795 -0.0909464 0.0790473 0.0255185 -0.0357895 -0.0674958 
1.85818 1.34782 0.110793 0.54485 0.768059 0.374758 0.0341179 0.0147227 -0.109572 0.180447 0.0281314 -0.133864 -0.117039 
1.85713 1.30511 0.0699729 0.440589 0.687328 0.525781 0.0757928 0.108455 -0.171642 0.179698 0.0616447 -0.0966344 -0.0935444 
1.86011 1.3263 -0.0958291 0.648442 0.80237 0.392923 0.0429009 0.0176838 -0.108542 0.184849 0.0800908 -0.0944084 -0.120322 
1.85311 1.47625 -0.107913 0.680663 0.652009 0.492084 0.0225942 -0.039493 -0.181881 0.241553 0.0290436 -0.188046 -0.030254 
1.82431 1.30806 0.109873 0.545587 0.848722 0.397823 -0.029077 0.0291389 -0.188784 0.232185 -0.00332744 -0.0704005 -0.130539 
1.82305 1.37139 -0.00641008 0.660809 0.703464 0.349024 -0.00564397 0.0254637 -0.219745 0.131565 -0.00194233 -0.0543207 -0.0542511 
1.81808 1.29753 0.0126146 0.468973 0.802541 0.471361 -0.0828933 0.0788474 -0.0588594 0.126479 0.0562768 -0.125088 -0.115321 
1.81035 1.28179 0.213925 0.418728 0.557371 0.473614 0.100584 -0.053858 -0.182374 0.218521 -0.0614006 -0.0601686 -0.0556166 
1.78977 1.47728 0.155329 0.416789 0.635261 0.429507 0.0631635 0.0530502 -0.216792 0.122464 -0.00804478 0.00227028 -0.0511765 
1.79384 1.49678 0.187819 0.358513 0.605071 0.393484 0.181428 -0.0859889 -0.2564 0.180778 -0.114568 -0.0328353 -0.0254313 
1.76584 1.28525 0.215229 0.40433 0.515162 0.348503 0.269719 -0.00316279 -0.221684 0.149076 -0.0147481 -0.0514226 -0.0395153 
1.76525 1.39284 0.133386 0.457207 0.503757 0.436941 0.21953 -0.0249989 -0.184322 0.0871967 -0.017708 -0.0542436 -0.0403835 
1.73528 1.33631 0.295372 0.586467 0.587767 0.338656 0.165063 -0.0303816 -0.196007 0.161195 -0.000942527 -0.0308522 -0.0589729 
1.69887 1.17978 0.296765 0.539666 0.585536 0.370905 0.151475 0.0306436 -0.139586 0.241918 0.0176364 -0.079954 -0.048033 
1.64351 1.14188 0.279059 0.655697 0.591781 0.352562 0.120021 0.141655 -0.186341 0.238418 0.000268279 -0.0245135 -0.0130678 
1.59523 1.12927 0.364893 0.690291 0.524275 0.336949 0.164297 0.0376168 -0.156403 0.227866 -0.0554243 -0.0484669 -0.0108727 
1.46718 0.977794 0.232962 0.607452 0.502532 0.44494 0.126531 0.119611 -0.187963 0.106296 -0.0773889 0.052517 -0.0193287 
1.24542 0.988737 -0.299888 0.47714 0.175707 0.325417 0.0978741 0.0248907 0.00885467 0.111916 0.0575143 0.0628185 0.129876 
1.14488 0.973186 -0.490948 0.321017 0.0652401 0.245815 0.113201 0.11125 -0.0192497 0.0897591 0.148268 0.115599 0.11719 
