1.08321 0.595372 0.0718489 0.547978 0.260962 0.304217 0.0478436 -0.102645 0.126768 0.124229 -0.154745 0.13773 -0.0192478 
1.42991 1.31843 0.396784 0.891165 0.260641 0.449785 0.0474085 -0.0539856 0.036807 0.0221862 -0.167668 0.0624891 0.0245024 
1.67288 1.36609 0.484123 0.54662 0.458415 0.421443 0.165502 -0.0442872 0.0832087 0.0781142 0.0456599 -0.0817162 -0.0719178 
1.74142 1.32498 0.31014 0.559098 0.606251 0.453782 0.108095 -0.0193858 0.152432 0.159447 0.0351108 -0.0908905 -0.0310573 
1.74674 1.23495 0.291802 0.531669 0.598167 0.43422 0.103832 -0.0692601 0.165577 0.219822 0.0610392 -0.14183 -0.0327187 
1.74751 1.17419 0.373754 0.400257 0.518183 0.392236 0.0389585 -0.127419 0.14597 0.261515 0.0556592 -0.104472 -0.0282981 
1.74911 1.22842 0.385972 0.40917 0.437176 0.530319 0.128429 -0.199172 0.142693 0.209004 0.156736 -0.0677619 -0.0994118 
1.74452 1.67107 0.25945 0.717206 0.311959 0.700319 0.138127 -0.354069 0.15516 0.19164 0.070896 0.0260249 -0.172379 
1.748 1.63065 0.387966 0.698511 0.382387 0.59853 0.13547 -0.445768 0.117209 0.115146 0.00680105 0.0342519 -0.177926 
1.77414 1.59904 0.504621 0.727886 0.345041 0.523084 0.0760936 -0.432253 0.0598287 0.074157 -0.00271522 -0.0117001 -0.15399 
1.78333 1.33722 0.599358 0.421466 0.28764 0.305181 -0.0209445 -0.248249 0.0249041 0.154942 0.042571 -0.0839043 -0.0491852 
1.78727 1.28617 0.522738 0.463088 0.367428 0.359784 0.0118729 -0.306294 0.00700645 0.135717 0.00183139 -0.0606553 -0.0681815 
1.78496 1.76051 0.389761 0.673939 0.312804 0.438092 0.0628188 -0.454239 0.00508019 0.115252 0.0143413 -0.048658 -0.148303 
1.77559 1.7613 0.460835 0.608874 0.286197 0.428563 0.0251188 -0.472586 0.0298796 0.0983077 0.0374848 -0.0461712 -0.154546 
1.77845 1.7069 0.512638 0.571938 0.261033 0.504196 0.0417128 -0.445839 -0.00646522 0.160102 0.0100377 -0.0367122 -0.142941 
1.77337 1.42389 0.59071 0.454298 0.3514 0.339752 0.00578085 -0.368645 -0.0234681 0.170354 0.0965808 -0.0976666 -0.084585 
1.7614 1.31357 0.52502 0.464944 0.456573 0.36307 0.0385297 -0.291917 -0.0563964 0.18516 0.0916945 -0.105142 -0.0878634 
1.75405 1.6956 0.496621 0.528763 0.394088 0.475819 0.0595064 -0.474677 0.0280284 0.141335 0.0289372 -0.038475 -0.133427 
1.75117 1.84058 0.496575 0.536414 0.415232 0.462888 0.0666536 -0.467678 0.0126016 0.12249 0.0380942 -0.0667304 -0.147511 
1.746 1.73612 0.519648 0.581133 0.538801 0.393411 0.041953 -0.345847 -0.0783192 0.147458 0.093185 -0.10303 -0.107595 
1.74475 1.54322 0.608974 0.389155 0.386582 0.327694 0.0447312 -0.331404 -0.045536 0.160015 0.100613 -0.0579099 -0.076487 
1.73821 1.475 0.518197 0.434244 0.42134 0.382047 0.0054136 -0.275932 -0.040933 0.10884 0.116975 -0.0882043 -0.0970447 
1.73186 1.71319 0.467144 0.605612 0.366062 0.440764 0.0742332 -0.424018 0.000613683 0.10793 0.0519976 -0.0478214 -0.136626 
1.71306 2.01027 0.383926 0.620082 0.391259 0.401024 0.110801 -0.409361 -0.00381272 0.136525 0.0521525 -0.0369807 -0.120585 
1.70738 1.55055 0.549282 0.578001 0.416251 0.413137 0.131961 -0.275375 -0.0124668 0.0992076 0.0366395 -0.0143392 -0.070889 
1.68003 1.36087 0.569562 0.474207 0.444817 0.373525 0.0499841 -0.115387 -0.00559421 0.104818 0.0823414 -0.0270008 -0.0404549 
1.69304 1.40696 0.654418 0.450726 0.350347 0.391568 0.070731 -0.125297 0.0257621 0.0387227 0.0213886 0.039717 -0.0243569 
1.67248 1.51486 0.571282 0.527459 0.366762 0.427509 0.117369 -0.187573 0.0554575 0.074298 0.0185036 0.0228311 -0.0430532 
1.65636 1.66848 0.481446 0.504454 0.457795 0.477798 0.0434909 -0.10795 0.059616 0.166805 -0.0204516 -0.0595956 -0.0266238 
1.6518 1.66655 0.424038 0.621931 0.444056 0.431941 0.0883143 -0.229662 0.154663 0.112708 -0.0514164 0.00696891 -0.0141228 
1.65002 1.72844 0.438148 0.551666 0.515306 0.356401 -0.00825435 -0.192944 0.0928586 0.204502 0.0221549 -0.0721578 -0.00183349 
1.65092 1.28384 0.534735 0.538494 0.450389 0.305035 0.0155751 -0.110671 0.108859 0.169411 -0.00137904 -0.0632063 0.0100132 
1.6586 1.20839 0.536499 0.519497 0.435108 0.319724 0.032722 -0.0836573 0.125299 0.116371 0.0465201 -0.0900618 -0.00577934 
1.64385 1.30677 0.58844 0.58188 0.453734 0.389132 0.0191927 -0.140255 0.0539614 0.144699 0.0483624 -0.0665463 -0.0205569 
1.63618 1.51156 0.50471 0.755511 0.555109 0.423038 0.0849372 -0.208134 -0.0652051 0.229271 0.0127487 -0.107785 -0.0348528 
1.64131 1.40556 0.490835 0.48255 0.391686 0.304887 0.0748627 -0.120882 0.0436591 0.106202 0.0728518 -0.05077 -0.0286961 
1.64768 1.31161 0.617616 0.435907 0.36223 0.303787 0.0434235 -0.0983974 0.0144028 0.0818206 0.0322402 -0.0346074 -0.0199006 
1.64649 1.34128 0.627787 0.529917 0.454079 0.403219 0.0253225 -0.199392 -0.00617393 0.083902 0.0204196 -0.070351 -0.0659844 
1.63467 1.49533 0.568678 0.54754 0.465489 0.417934 0.0629668 -0.204621 0.0131586 0.0341498 0.00410432 -0.0586524 -0.0774569 
1.61548 1.37419 0.591616 0.60467 0.497222 0.296866 0.0605091 -0.113517 -0.0270947 0.0705322 -0.0268107 -0.0689051 -0.035183 
1.6165 1.52856 0.562386 0.716003 0.503409 0.308381 0.0132043 -0.147728 -0.0284204 0.0265685 -0.0509137 -0.0958314 -0.0477243 
1.6239 1.45836 0.63378 0.734471 0.3732 0.299611 0.0090362 -0.109391 0.00946506 -0.177997 -0.0713041 -0.0117998 -0.0757619 
1.61406 1.44162 0.615714 0.678628 0.401433 0.323784 -0.00986951 -0.212139 -0.00824107 -0.091007 -0.0776414 -0.0809643 -0.0798166 
1.5632 1.47377 0.538843 0.638313 0.553827 0.287567 -0.0681433 -0.190245 -0.0610622 0.0419483 -0.0885673 -0.150566 -0.0541761 
1.42467 1.23971 0.467383 0.482356 0.372177 0.335388 0.124414 0.00772846 0.0689466 -0.0119354 0.0121341 0.0480495 -0.030444 
1.16302 1.06613 0.208428 0.521787 0.23894 0.371133 0.0772863 0.109406 0.109469 -0.0588508 -0.0242274 0.054398 0.0154327 
1.03544 0.995112 -0.168177 0.608648 0.212025 0.322369 0.129604 0.0964599 -0.0575892 -0.185376 0.0903355 0.103931 0.00470845 
0.950392 0.972057 -0.416937 0.519037 0.095159 0.171289 0.0409089 0.143578 0.074341 -0.0745297 0.107909 0.195204 0.0576666 
1.00486 0.974884 -0.44636 0.577605 0.152474 0.170081 0.0412971 0.0599864 -0.0970215 -0.0641103 0.0946179 0.133993 0.1712 
0.866499 0.870764 -0.500194 0.43485 0.0229799 0.141298 0.136886 0.187838 0.0513885 0.0338159 0.15194 0.0685806 -0.000745027 
0.999217 0.88964 -0.317283 0.381929 0.0671826 0.268324 0.177651 0.124165 -0.0569455 0.00194589 0.115933 0.0582144 0.147103 
0.886611 0.861025 -0.374342 0.385516 0.128728 0.135631 0.0435782 0.0102684 -0.027018 0.0758143 0.10325 0.0750606 0.0957485 
1.07731 0.93488 -0.238936 0.344329 0.127444 0.191058 0.121527 0.131588 -0.00887106 0.0627648 0.103759 0.126053 0.126378 
0.985915 0.847198 -0.308016 0.494507 0.0158798 0.235714 0.0239799 0.11394 -0.0157238 0.00954891 0.144913 0.0673441 0.155225 
0.887822 0.970346 -0.358711 0.383917 -0.0282187 0.220425 0.0041377 0.0270725 0.0103774 0.0279813 0.13481 0.146844 0.104516 
